583057248
1076540941
434149056
1773928252
35825093
1448253593
1690366306
856111746
747499561
92705907
1650882365
1176019986
876341151
1497014516
895679605
535146656
1110869624
438464930
502778087
1237127264
70740204
1571699021
1676676041
948661426
69599125
1571102878
1657848390
1299140682
594786776
667541917
1659504783
881978119
1626391417
181579599
317329250
12921614
872596653
872596653
538478726
538478726
538478726
538478726
538478726
1300632581
1300632581
1300632581
1300632581
1300632581
1300632581
1300632581
1300632581
1300632581
1300632581
1300632581
1300632581
1300632581
1300632581
1300632581
1300632581
1300632581
1300632581
1300632581
1300632581
1300632581
1300632581
1300632581
1300632581
1300632581
1300632581
1300632581
1300632581
1300632581
1300632581
1300632581
1300632581
1300632581
1300632581
1300632581
1300632581
1300632581
1300632581
1300632581
1300632581
1300632581
1300632581
1300632581
1300632581
1300632581
1300632581
1300632581
1300632581
1300632581
1300632581
1300632581
1300632581
1300632581
1300632581
1300632581
1300632581
1300632581
1300632581
1300632581
1300632581
1300632581
1300632581
1300632581
1300632581
1300632581
1300632581
1300632581
1300632581
1300632581
1300632581
1300632581
1300632581
1300632581
1300632581
1300632581
1300632581
1300632581
1300632581
1300632581
1300632581
1300632581
1300632581
1300632581
1300632581
1300632581
1300632581
1300632581
1300632581
1300632581
1300632581
1300632581
1300632581
1300632581
1300632581
1300632581
1300632581
1300632581
1300632581
1300632581
1300632581
1300632581
1300632581
1300632581
1300632581
1300632581
1300632581
1300632581
1300632581
1300632581
1300632581
1300632581
1300632581
2078777599
2078777599
2078777599
2078777599
2078777599
2078777599
2078777599
2078777599
2078777599
2078777599
2078777599
2078777599
2078777599
2078777599
2078777599
2078777599
2078777599
2078777599
2078777599
2078777599
2078777599
2078777599
2078777599
2078777599
2078777599
2078777599
2078777599
2078777599
2078777599
2078777599
2078777599
2078777599
2078777599
2078777599
2078777599
2078777599
2078777599
2078777599
2078777599
2078777599
2078777599
2078777599
2078777599
2078777599
2078777599
2078777599
2078777599
2078777599
2078777599
2078777599
2078777599
2078777599
2078777599
2078777599
2078777599
2078777599
2078777599
2078777599
2078777599
2078777599
2078777599
2078777599
2078777599
2078777599
2078777599
2078777599
2078777599
2078777599
2078777599
2078777599
2078777599
2078777599
2078777599
2078777599
2078777599
2078777599
2078777599
2078777599
2078777599
2078777599
2078777599
2078777599
2078777599
2078777599
2078777599
2078777599
2078777599
2078777599
2078777599
2078777599
2078777599
2078777599
2078777599
2078777599
2078777599
2078777599
2078777599
2078777599
2078777599
2078777599
2078777599
2078777599
2078777599
2078777599
2078777599
2078777599
2078777599
2078777599
2078777599
2078777599
2078777599
2078777599
2078777599
2078777599
2078777599
2078777599
2078777599
2078777599
2078777599
2078777599
2078777599
2078777599
2078777599
2078777599
2078777599
2078777599
2078777599
703819180
703819180
703819180
703819180
703819180
703819180
703819180
703819180
703819180
703819180
703819180
703819180
703819180
703819180
703819180
703819180
703819180
703819180
703819180
703819180
703819180
703819180
703819180
703819180
703819180
703819180
703819180
703819180
703819180
703819180
703819180
703819180
703819180
703819180
703819180
703819180
703819180
703819180
703819180
703819180
703819180
703819180
703819180
703819180
703819180
703819180
703819180
703819180
703819180
703819180
703819180
703819180
703819180
703819180
703819180
703819180
703819180
703819180
703819180
703819180
703819180
703819180
703819180
703819180
703819180
703819180
703819180
703819180
703819180
703819180
703819180
703819180
703819180
703819180
703819180
703819180
703819180
703819180
703819180
703819180
703819180
703819180
703819180
703819180
703819180
703819180
703819180
703819180
703819180
703819180
703819180
703819180
703819180
703819180
1461356160
1461356160
1461356160
1461356160
1461356160
1461356160
1461356160
1461356160
1461356160
1461356160
1461356160
1461356160
1461356160
1461356160
1461356160
1461356160
1461356160
1461356160
1461356160
1461356160
1461356160
1461356160
1461356160
1461356160
1461356160
1461356160
1461356160
1461356160
1461356160
1461356160
1461356160
1461356160
1461356160
1461356160
1461356160
1461356160
1461356160
1461356160
1461356160
1461356160
1461356160
1461356160
1461356160
1461356160
1461356160
1461356160
1461356160
1461356160
1461356160
1461356160
1461356160
1461356160
1461356160
1461356160
1461356160
1461356160
1461356160
1461356160
1461356160
1461356160
1461356160
1461356160
1461356160
1461356160
1461356160
1461356160
1461356160
1461356160
1461356160
1461356160
1461356160
1461356160
1461356160
1461356160
1461356160
1461356160
1461356160
1461356160
1461356160
1461356160
1461356160
1461356160
1461356160
1461356160
1461356160
1461356160
1461356160
1461356160
1461356160
1461356160
1461356160
1461356160
1461356160
1461356160
1461356160
1461356160
1461356160
1461356160
1461356160
1461356160
1461356160
1461356160
1461356160
1461356160
1461356160
1461356160
1461356160
1461356160
1461356160
1461356160
1461356160
1461356160
1461356160
1461356160
1461356160
1461356160
1461356160
1461356160
1461356160
1461356160
1461356160
1157238536
1157238536
1157238536
1157238536
1157238536
1157238536
1157238536
1157238536
1157238536
1157238536
1157238536
1157238536
1157238536
1157238536
1157238536
1157238536
1157238536
1157238536
1157238536
1157238536
1157238536
1157238536
1157238536
1157238536
1157238536
1157238536
1157238536
1157238536
1157238536
1157238536
1157238536
1157238536
1157238536
1157238536
1157238536
1157238536
1157238536
1157238536
1157238536
1157238536
1157238536
1157238536
1157238536
1157238536
1157238536
1157238536
1157238536
1157238536
1157238536
1157238536
1157238536
1157238536
1157238536
1157238536
1157238536
1157238536
1157238536
1157238536
1157238536
1132546694
1132546694
1132546694
1132546694
1132546694
1132546694
1132546694
1132546694
1132546694
1132546694
1132546694
1132546694
1132546694
1132546694
1132546694
1132546694
1132546694
1132546694
1132546694
1132546694
1132546694
1132546694
1132546694
1132546694
1132546694
1132546694
1132546694
1132546694
1132546694
1132546694
1132546694
1132546694
1132546694
1132546694
1132546694
1132546694
1132546694
1132546694
1132546694
1132546694
1132546694
1132546694
1132546694
1132546694
1132546694
1132546694
1132546694
1132546694
1132546694
1132546694
1132546694
1132546694
1132546694
1132546694
1132546694
1132546694
1132546694
1132546694
1132546694
1132546694
1132546694
1132546694
1132546694
1132546694
1132546694
1132546694
1132546694
1132546694
1132546694
1132546694
1132546694
1132546694
1132546694
1132546694
1132546694
1132546694
1132546694
1132546694
1132546694
1132546694
1132546694
1132546694
1132546694
1132546694
1132546694
1132546694
1132546694
1132546694
1132546694
1132546694
1132546694
1132546694
1132546694
1132546694
1132546694
1132546694
1132546694
1132546694
1132546694
1132546694
1132546694
1132546694
1132546694
1132546694
1132546694
1132546694
1132546694
1132546694
1132546694
1132546694
1132546694
1132546694
1132546694
1132546694
1132546694
1132546694
1132546694
1132546694
1132546694
1132546694
1132546694
1132546694
1132546694
1132546694
1132546694
1132546694
1132546694
1885987226
1885987226
1885987226
1885987226
1885987226
1885987226
1885987226
1885987226
1885987226
1885987226
1885987226
1885987226
1885987226
1885987226
1885987226
1885987226
1885987226
1885987226
1885987226
1885987226
1885987226
1885987226
1885987226
1885987226
1885987226
1885987226
1885987226
1885987226
1885987226
1885987226
1885987226
1885987226
1885987226
1885987226
1885987226
1885987226
1885987226
1885987226
1885987226
1885987226
1885987226
1885987226
1885987226
1885987226
1885987226
1885987226
1885987226
1885987226
1885987226
1885987226
1885987226
1885987226
1885987226
1885987226
1885987226
1885987226
1885987226
1885987226
1885987226
1885987226
1885987226
1885987226
1885987226
1885987226
1885987226
1885987226
1885987226
1885987226
1885987226
1885987226
1885987226
1885987226
1885987226
1885987226
1885987226
1885987226
1885987226
1885987226
1885987226
1885987226
1885987226
1885987226
1885987226
1885987226
1885987226
1885987226
1885987226
1885987226
1885987226
1885987226
1885987226
1885987226
1885987226
1885987226
1885987226
1885987226
1885987226
1885987226
1885987226
1885987226
1885987226
1885987226
1885987226
1885987226
1885987226
1885987226
1885987226
1885987226
1885987226
1885987226
1885987226
1885987226
1885987226
1885987226
506350274
506350274
506350274
506350274
506350274
506350274
506350274
506350274
506350274
506350274
506350274
506350274
506350274
506350274
506350274
506350274
506350274
506350274
506350274
506350274
506350274
506350274
506350274
506350274
506350274
506350274
506350274
506350274
506350274
506350274
506350274
506350274
506350274
506350274
506350274
506350274
506350274
506350274
506350274
506350274
506350274
506350274
506350274
506350274
506350274
506350274
506350274
506350274
506350274
506350274
506350274
506350274
506350274
506350274
506350274
506350274
506350274
506350274
506350274
506350274
506350274
506350274
506350274
506350274
506350274
506350274
506350274
506350274
506350274
506350274
506350274
506350274
506350274
506350274
506350274
506350274
506350274
506350274
506350274
1289896646
1289896646
1289896646
1289896646
1289896646
1289896646
1289896646
1289896646
1289896646
1289896646
1289896646
1681179879
1681179879
1681179879
1681179879
304366043
304366043
304366043
304366043
304366043
304366043
304366043
304366043
304366043
304366043
304366043
304366043
304366043
304366043
304366043
304366043
304366043
304366043
304366043
304366043
304366043
304366043
304366043
304366043
304366043
304366043
304366043
304366043
304366043
304366043
304366043
304366043
304366043
304366043
304366043
304366043
304366043
304366043
304366043
304366043
304366043
304366043
304366043
304366043
304366043
304366043
304366043
304366043
304366043
2145936031
2145936031
2145936031
2145936031
2145936031
2145936031
2145936031
2145936031
2145936031
2145936031
2145936031
2145936031
2145936031
2145936031
2145936031
2145936031
2145936031
2145936031
2145936031
2145936031
2145936031
2145936031
2145936031
2145936031
2145936031
2145936031
2145936031
2145936031
2145936031
2145936031
2145936031
2145936031
2145936031
2145936031
2145936031
2145936031
2145936031
2145936031
2145936031
2145936031
2145936031
2145936031
2145936031
2145936031
2145936031
2145936031
2145936031
2145936031
2145936031
2145936031
2145936031
2145936031
2145936031
2145936031
2145936031
2145936031
2145936031
2145936031
2145936031
2145936031
2145936031
2145936031
2145936031
2145936031
2145936031
2145936031
2145936031
2145936031
2145936031
2145936031
2145936031
957313282
1634872659
651789107
461774458
461774458
461774458
461774458
144871975
1076270864
1847961488
125643707
125643707
125643707
125643707
125643707
125643707
125643707
125643707
125643707
125643707
125643707
125643707
125643707
125643707
125643707
125643707
125643707
125643707
125643707
125643707
125643707
125643707
125643707
125643707
125643707
125643707
125643707
125643707
125643707
125643707
125643707
125643707
2002885649
2002885649
2002885649
2002885649
429784459
429784459
429784459
429784459
429784459
429784459
429784459
429784459
429784459
429784459
429784459
429784459
65509327
65509327
65509327
65509327
65509327
1219124838
1219124838
1219124838
1219124838
913464599
913464599
913464599
81153176
81153176
81153176
81153176
81153176
81153176
81153176
2067037169
2067037169
691443382
691443382
691443382
2058292717
2058292717
2058292717
2058292717
2058292717
2058292717
2058292717
183835457
183835457
1430837199
1455010568
1455010568
1455010568
951906401
951906401
1721573136
1721573136
1721573136
2107974434
2107974434
2107974434
740174065
740174065
1033006573
1033006573
1033006573
1033006573
1033006573
1033006573
1033006573
1033006573
1033006573
1033006573
1033006573
1033006573
1033006573
1033006573
1033006573
1033006573
1033006573
1033006573
1033006573
1033006573
1033006573
1033006573
1033006573
1033006573
1033006573
1033006573
1033006573
1033006573
1033006573
1033006573
1033006573
1033006573
1033006573
1033006573
1033006573
1033006573
1033006573
1033006573
1033006573
1033006573
1033006573
1033006573
1033006573
1033006573
1033006573
1033006573
1033006573
1805361765
1805361765
1805361765
1805361765
1805361765
1805361765
1805361765
1805361765
1805361765
1805361765
1805361765
1805361765
1805361765
1805361765
1805361765
1805361765
1805361765
1805361765
1805361765
1805361765
1805361765
1805361765
1805361765
1805361765
1805361765
1805361765
1805361765
1805361765
1805361765
1805361765
1805361765
1805361765
1805361765
1805361765
1805361765
1805361765
1805361765
1805361765
1805361765
1805361765
1805361765
1805361765
1805361765
1805361765
1805361765
1805361765
1805361765
1805361765
1805361765
1805361765
1805361765
1805361765
1805361765
1805361765
1805361765
1805361765
1805361765
1805361765
1805361765
1805361765
1805361765
1805361765
1805361765
1805361765
1805361765
1805361765
1805361765
1805361765
1805361765
1805361765
1805361765
1805361765
1805361765
1805361765
1805361765
1805361765
1805361765
1805361765
1805361765
1805361765
1805361765
1805361765
1805361765
1805361765
1805361765
1805361765
1805361765
1805361765
1805361765
1805361765
1805361765
1805361765
1805361765
1805361765
1805361765
1805361765
1805361765
1805361765
1805361765
1805361765
1805361765
1805361765
1805361765
1805361765
1805361765
1805361765
1805361765
1805361765
1805361765
1805361765
1805361765
1805361765
1805361765
1805361765
1805361765
1805361765
1805361765
1805361765
1805361765
1805361765
1805361765
1805361765
1805361765
1805361765
1805361765
1805361765
1805361765
1805361765
1805361765
1805361765
1805361765
1805361765
1805361765
1805361765
1805361765
1805361765
1805361765
1805361765
1805361765
1805361765
1805361765
1805361765
1805361765
1805361765
1805361765
1805361765
1805361765
1805361765
1503732559
1503732559
1503732559
1503732559
1503732559
1503732559
1503732559
1503732559
1503732559
1503732559
1503732559
1503732559
1503732559
1503732559
1503732559
1503732559
1503732559
1503732559
1503732559
1503732559
1503732559
1503732559
1503732559
1503732559
1503732559
1503732559
1503732559
1503732559
1503732559
1503732559
1503732559
1503732559
1503732559
1503732559
1503732559
1503732559
1503732559
1503732559
1503732559
1503732559
1503732559
1503732559
1503732559
1503732559
1503732559
1503732559
1503732559
1503732559
1503732559
1503732559
1503732559
1503732559
1503732559
1503732559
1503732559
1503732559
1503732559
1503732559
1503732559
1503732559
1503732559
1503732559
1503732559
1503732559
1503732559
1503732559
1503732559
1503732559
1503732559
1503732559
1503732559
1503732559
1503732559
1503732559
1503732559
1503732559
1503732559
1503732559
1503732559
1503732559
1503732559
1503732559
1503732559
1503732559
1503732559
1503732559
1503732559
1503732559
1503732559
1503732559
1503732559
1503732559
1503732559
1503732559
1503732559
1503732559
1503732559
1503732559
1503732559
1503732559
1503732559
1503732559
1503732559
1503732559
1503732559
1503732559
1503732559
1503732559
1503732559
1503732559
1503732559
1503732559
1503732559
1503732559
1503732559
1503732559
1503732559
1503732559
1503732559
1503732559
1503732559
1503732559
1503732559
1503732559
1503732559
1503732559
1503732559
1503732559
1503732559
1503732559
1503732559
1503732559
1503732559
1503732559
1503732559
1503732559
1503732559
1503732559
1503732559
1503732559
1503732559
1503732559
1503732559
1503732559
1503732559
1503732559
1503732559
1503732559
1503732559
1503732559
1503732559
1503732559
1503732559
1503732559
1503732559
1503732559
1503732559
1195135084
1195135084
1195135084
1195135084
1195135084
1195135084
1195135084
1195135084
1195135084
1195135084
1195135084
1195135084
1195135084
1195135084
1195135084
1195135084
1195135084
1195135084
1195135084
1195135084
1195135084
1195135084
1195135084
1195135084
1195135084
1195135084
1195135084
1195135084
1195135084
1195135084
1195135084
1195135084
1195135084
1195135084
1195135084
1195135084
1195135084
1195135084
1195135084
1195135084
1195135084
1195135084
1195135084
1195135084
1195135084
1195135084
1195135084
1195135084
1195135084
1195135084
1195135084
1195135084
1195135084
1195135084
1195135084
1195135084
1195135084
1195135084
1195135084
1195135084
1195135084
1195135084
1195135084
1195135084
1195135084
1195135084
1195135084
1195135084
1195135084
1195135084
1195135084
1195135084
1195135084
1195135084
1195135084
1195135084
1195135084
1195135084
1195135084
1195135084
1195135084
1195135084
1195135084
1195135084
1195135084
1195135084
1195135084
1195135084
1195135084
1195135084
1195135084
1195135084
1195135084
1195135084
1195135084
1195135084
1195135084
1195135084
1195135084
1195135084
1195135084
1195135084
1195135084
1195135084
1195135084
1195135084
1195135084
1195135084
1195135084
1195135084
1195135084
1195135084
1195135084
1195135084
1195135084
1195135084
1195135084
1195135084
1195135084
1195135084
1195135084
1195135084
1195135084
1195135084
1195135084
1195135084
1195135084
1195135084
1195135084
1195135084
1195135084
1195135084
1195135084
1195135084
1195135084
1195135084
1195135084
1195135084
1195135084
1195135084
893453431
893453431
893453431
893453431
893453431
893453431
893453431
893453431
893453431
893453431
893453431
893453431
893453431
893453431
893453431
893453431
893453431
893453431
893453431
893453431
893453431
893453431
893453431
893453431
893453431
893453431
893453431
893453431
893453431
893453431
893453431
893453431
893453431
893453431
893453431
893453431
893453431
893453431
893453431
893453431
893453431
893453431
893453431
893453431
893453431
893453431
893453431
893453431
893453431
893453431
893453431
893453431
893453431
893453431
893453431
893453431
893453431
893453431
893453431
893453431
893453431
893453431
893453431
893453431
893453431
893453431
893453431
893453431
893453431
893453431
893453431
893453431
893453431
893453431
893453431
893453431
893453431
893453431
893453431
893453431
893453431
893453431
893453431
893453431
893453431
893453431
893453431
893453431
893453431
893453431
893453431
893453431
893453431
893453431
893453431
893453431
893453431
893453431
893453431
893453431
893453431
893453431
893453431
893453431
893453431
893453431
893453431
893453431
893453431
893453431
893453431
893453431
893453431
893453431
893453431
893453431
893453431
893453431
893453431
893453431
893453431
893453431
893453431
893453431
893453431
893453431
893453431
893453431
893453431
592884661
592884661
592884661
592884661
592884661
592884661
592884661
592884661
592884661
592884661
592884661
592884661
592884661
592884661
592884661
592884661
592884661
592884661
592884661
592884661
592884661
592884661
592884661
592884661
592884661
592884661
592884661
592884661
592884661
592884661
592884661
592884661
592884661
592884661
592884661
592884661
592884661
592884661
592884661
592884661
592884661
592884661
592884661
592884661
592884661
592884661
592884661
592884661
592884661
592884661
592884661
592884661
592884661
592884661
592884661
592884661
592884661
592884661
592884661
592884661
592884661
592884661
592884661
592884661
592884661
592884661
592884661
592884661
592884661
592884661
592884661
592884661
592884661
592884661
592884661
592884661
592884661
592884661
592884661
592884661
592884661
592884661
592884661
592884661
592884661
592884661
592884661
592884661
592884661
592884661
592884661
592884661
592884661
592884661
1428990092
1428990092
1428990092
1428990092
1428990092
1428990092
1428990092
1428990092
1428990092
1428990092
1428990092
1428990092
1428990092
1428990092
1428990092
1428990092
1428990092
1428990092
1428990092
1428990092
1428990092
1428990092
1428990092
1428990092
1428990092
1428990092
1428990092
1428990092
1428990092
1428990092
1428990092
1428990092
1428990092
1428990092
1428990092
1428990092
1428990092
1428990092
1428990092
1428990092
1428990092
1428990092
1428990092
1428990092
1428990092
1428990092
1428990092
1428990092
1428990092
1428990092
1428990092
1428990092
1428990092
1428990092
54824666
54824666
54824666
54824666
54824666
54824666
54824666
54824666
54824666
54824666
54824666
54824666
54824666
54824666
54824666
54824666
54824666
54824666
54824666
54824666
54824666
54824666
54824666
54824666
54824666
54824666
54824666
54824666
54824666
54824666
54824666
54824666
54824666
54824666
54824666
54824666
54824666
54824666
54824666
54824666
54824666
54824666
54824666
54824666
54824666
54824666
54824666
54824666
54824666
54824666
54824666
54824666
54824666
54824666
54824666
54824666
54824666
54824666
54824666
54824666
54824666
54824666
54824666
54824666
54824666
54824666
54824666
54824666
54824666
54824666
54824666
54824666
54824666
54824666
54824666
54824666
54824666
54824666
54824666
54824666
54824666
54824666
54824666
54824666
54824666
54824666
54824666
54824666
54824666
54824666
54824666
54824666
54824666
54824666
54824666
54824666
54824666
54824666
54824666
54824666
54824666
54824666
54824666
54824666
54824666
54824666
54824666
54824666
54824666
54824666
54824666
54824666
1899758293
1899758293
1899758293
1899758293
1899758293
1899758293
1899758293
1899758293
1899758293
1899758293
1899758293
1899758293
1302091129
1302091129
1302091129
1302091129
1302091129
1302091129
1302091129
1302091129
1302091129
1302091129
2078386263
2078386263
2078386263
2078386263
2078386263
2078386263
2078386263
2078386263
2078386263
2078386263
2078386263
2078386263
2078386263
2078386263
2078386263
2078386263
2078386263
2078386263
2078386263
2078386263
2078386263
2078386263
2078386263
2078386263
2078386263
2078386263
2078386263
2078386263
2078386263
2078386263
2078386263
2078386263
2078386263
2078386263
2078386263
2078386263
2078386263
2078386263
2078386263
2078386263
2078386263
2078386263
2078386263
2078386263
2078386263
2078386263
2078386263
2078386263
2078386263
2078386263
2078386263
2078386263
2078386263
2078386263
2078386263
2078386263
2078386263
2078386263
2078386263
2078386263
2078386263
2078386263
2078386263
2078386263
2078386263
2078386263
2078386263
2078386263
2078386263
2078386263
2078386263
2078386263
2078386263
2078386263
2078386263
2078386263
2078386263
2078386263
2078386263
2078386263
2078386263
2078386263
2078386263
2078386263
2078386263
2078386263
2078386263
2078386263
2078386263
2078386263
2078386263
2078386263
2078386263
2078386263
2078386263
2078386263
2078386263
2078386263
2078386263
2078386263
2078386263
2078386263
2078386263
2078386263
2078386263
2078386263
2078386263
2078386263
2078386263
2078386263
2078386263
2078386263
2078386263
2078386263
2078386263
2078386263
2078386263
2078386263
2078386263
2078386263
2078386263
2078386263
2078386263
2078386263
2078386263
2078386263
2078386263
2078386263
2078386263
2078386263
2078386263
2078386263
2078386263
2078386263
2078386263
2078386263
2078386263
2078386263
2078386263
2078386263
2078386263
2078386263
2078386263
2078386263
2078386263
2078386263
2078386263
2078386263
2078386263
2078386263
2078386263
2078386263
2078386263
2078386263
2078386263
2078386263
2078386263
2078386263
2078386263
2078386263
2078386263
2078386263
2078386263
2078386263
2078386263
2078386263
2078386263
2078386263
2078386263
2078386263
2078386263
2078386263
2078386263
2078386263
2078386263
2078386263
2078386263
2078386263
2078386263
2078386263
2078386263
2078386263
2078386263
2078386263
2078386263
2078386263
2078386263
2078386263
2078386263
2078386263
2078386263
2078386263
2078386263
2078386263
2078386263
2078386263
2078386263
2078386263
2078386263
2078386263
2078386263
2078386263
2078386263
2078386263
2078386263
2078386263
2078386263
2078386263
2078386263
2078386263
2078386263
2078386263
2078386263
2078386263
703130869
703130869
703130869
703130869
703130869
703130869
703130869
703130869
703130869
703130869
703130869
703130869
703130869
703130869
703130869
703130869
703130869
703130869
703130869
703130869
703130869
703130869
703130869
703130869
703130869
703130869
703130869
703130869
703130869
703130869
703130869
703130869
703130869
703130869
703130869
703130869
703130869
703130869
703130869
703130869
703130869
703130869
703130869
703130869
703130869
703130869
703130869
703130869
703130869
703130869
703130869
703130869
703130869
703130869
703130869
703130869
703130869
703130869
703130869
703130869
703130869
703130869
703130869
703130869
703130869
703130869
703130869
703130869
703130869
703130869
703130869
703130869
703130869
703130869
703130869
703130869
703130869
703130869
703130869
703130869
703130869
703130869
703130869
703130869
703130869
703130869
703130869
703130869
703130869
703130869
703130869
703130869
703130869
703130869
703130869
703130869
703130869
703130869
703130869
703130869
703130869
703130869
703130869
703130869
703130869
703130869
703130869
703130869
703130869
703130869
703130869
703130869
703130869
703130869
703130869
703130869
703130869
703130869
703130869
703130869
703130869
703130869
703130869
703130869
703130869
703130869
703130869
703130869
703130869
703130869
703130869
1625404717
1625404717
1625404717
1625404717
1625404717
688438530
688438530
688438530
688438530
688438530
103917244
103917244
227083947
227083947
227083947
227083947
227083947
880018342
326339904
907174551
907174551
907174551
907174551
907174551
907174551
907174551
2023746862
2023746862
1473106240
1473106240
1473106240
1179607320
767713446
1986661432
1986661432
1986661432
2023701384
2023701384
2023701384
2023701384
2023701384
2023701384
2023701384
2023701384
459237414
459237414
459237414
459237414
1059961221
1059961221
1059961221
1059961221
1059961221
893923875
893923875
893923875
893923875
893923875
893923875
893923875
893923875
893923875
893923875
893923875
893923875
893923875
893923875
893923875
893923875
893923875
893923875
893923875
893923875
893923875
893923875
893923875
893923875
893923875
893923875
1662962761
1662962761
1662962761
1662962761
1662962761
1662962761
1662962761
1662962761
1662962761
1662962761
1662962761
1662962761
1662962761
1662962761
1662962761
1662962761
1662962761
1662962761
1662962761
1662962761
1662962761
1662962761
1662962761
1662962761
1662962761
1662962761
1662962761
1662962761
1662962761
1662962761
1662962761
1662962761
1662962761
1662962761
1662962761
1662962761
1662962761
1662962761
1662962761
1662962761
1662962761
1662962761
1662962761
1662962761
1662962761
1662962761
1662962761
1662962761
1662962761
1662962761
1662962761
1662962761
1662962761
1662962761
1662962761
1662962761
1662962761
1662962761
1662962761
1662962761
1662962761
1662962761
1662962761
1662962761
1662962761
1662962761
1662962761
1662962761
1662962761
1662962761
1662962761
1662962761
1662962761
1662962761
1662962761
1662962761
1662962761
1662962761
282686350
282686350
282686350
282686350
282686350
282686350
282686350
282686350
282686350
282686350
282686350
282686350
282686350
282686350
282686350
282686350
282686350
282686350
282686350
282686350
282686350
282686350
282686350
282686350
282686350
282686350
282686350
282686350
282686350
282686350
282686350
282686350
282686350
282686350
282686350
282686350
282686350
282686350
282686350
282686350
282686350
282686350
282686350
282686350
282686350
282686350
282686350
282686350
282686350
282686350
282686350
282686350
282686350
282686350
282686350
282686350
282686350
282686350
282686350
282686350
282686350
282686350
282686350
282686350
282686350
282686350
282686350
282686350
282686350
282686350
282686350
1056765358
1056765358
1056765358
1056765358
1056765358
1056765358
1056765358
1056765358
1056765358
1056765358
1056765358
1056765358
1056765358
1056765358
1056765358
1056765358
1056765358
1056765358
1056765358
1056765358
1056765358
1056765358
1056765358
1056765358
1056765358
1056765358
1056765358
1056765358
1056765358
1056765358
1056765358
1056765358
1056765358
1056765358
1056765358
1056765358
1056765358
1056765358
1056765358
1056765358
1056765358
1056765358
1056765358
1056765358
1056765358
1056765358
1056765358
1056765358
1056765358
1056765358
1056765358
1056765358
1056765358
1056765358
1056765358
1056765358
1056765358
1056765358
1056765358
1056765358
1056765358
1056765358
1056765358
1056765358
1056765358
1056765358
1056765358
1056765358
1056765358
1056765358
1056765358
1056765358
1056765358
1056765358
1056765358
1056765358
1056765358
1056765358
1056765358
1056765358
1056765358
1056765358
1056765358
1056765358
1056765358
1056765358
1056765358
1056765358
1056765358
1056765358
1056765358
1056765358
1056765358
1056765358
1056765358
1056765358
1056765358
1056765358
1056765358
1056765358
1056765358
1056765358
1056765358
1056765358
1056765358
1056765358
1056765358
1056765358
1056765358
1056765358
1056765358
1056765358
1056765358
1056765358
1056765358
1056765358
1056765358
1056765358
1056765358
1056765358
1056765358
1056765358
1056765358
1056765358
1056765358
1056765358
1056765358
1056765358
1824344808
1824344808
1824344808
1824344808
1824344808
1824344808
1824344808
1824344808
1824344808
1824344808
1824344808
1824344808
1824344808
1824344808
1824344808
1824344808
1824344808
1824344808
1824344808
1824344808
1824344808
1824344808
1824344808
1824344808
1824344808
1824344808
1824344808
1824344808
1824344808
1824344808
1824344808
1824344808
1824344808
1824344808
1824344808
1824344808
1824344808
1824344808
1824344808
1824344808
1824344808
1824344808
1824344808
1824344808
1824344808
1824344808
1824344808
1824344808
1824344808
1824344808
1824344808
1824344808
1824344808
1824344808
1824344808
1824344808
1824344808
1824344808
1824344808
1824344808
1824344808
1824344808
1824344808
1824344808
1824344808
1824344808
1824344808
1824344808
1824344808
1824344808
1824344808
1824344808
1824344808
1824344808
1824344808
1824344808
1824344808
1824344808
1824344808
1824344808
1824344808
1824344808
1824344808
1824344808
1824344808
1824344808
1824344808
1824344808
1824344808
1824344808
1824344808
1824344808
1824344808
1824344808
1824344808
1824344808
1824344808
1824344808
1824344808
1824344808
1824344808
1824344808
1824344808
1824344808
1824344808
1824344808
1824344808
1824344808
1824344808
1824344808
1824344808
1824344808
1824344808
1824344808
1824344808
1824344808
1824344808
1824344808
1824344808
1824344808
1824344808
1824344808
1824344808
1824344808
1824344808
1824344808
1824344808
1824344808
1824344808
1824344808
1824344808
1824344808
1824344808
1824344808
1824344808
1824344808
1824344808
1824344808
1824344808
1824344808
1824344808
1824344808
1824344808
1824344808
1824344808
1824344808
1824344808
1824344808
1824344808
1824344808
1824344808
1824344808
1824344808
1824344808
1824344808
1824344808
1824344808
1824344808
1519856296
1519856296
1519856296
1519856296
1519856296
1519856296
1519856296
1519856296
1519856296
1519856296
1519856296
1519856296
1519856296
1519856296
1519856296
1519856296
1519856296
1519856296
1519856296
1519856296
1519856296
1519856296
1519856296
1519856296
1519856296
1519856296
1519856296
1519856296
1519856296
1519856296
1519856296
1519856296
1519856296
1519856296
1519856296
1335487059
1335487059
1335487059
1335487059
1335487059
1335487059
1335487059
1335487059
1335487059
1335487059
1335487059
1335487059
1029586584
1029586584
1029586584
1029586584
1029586584
1029586584
1029586584
1029586584
1029586584
1029586584
1029586584
1029586584
1029586584
1029586584
1029586584
1029586584
1029586584
1029586584
1029586584
1029586584
1029586584
1029586584
1029586584
1029586584
1029586584
1029586584
1029586584
1029586584
1029586584
1029586584
1029586584
1029586584
1029586584
1029586584
1029586584
1029586584
1029586584
1029586584
1029586584
1029586584
1029586584
1029586584
1029586584
1029586584
1029586584
1029586584
1029586584
1029586584
1029586584
1029586584
1029586584
1029586584
1029586584
1029586584
1029586584
1029586584
1029586584
1029586584
717821571
717821571
717821571
717821571
717821571
717821571
717821571
717821571
717821571
717821571
717821571
717821571
1201091653
1201091653
1201091653
1201091653
1201091653
1201091653
1201091653
1201091653
1201091653
1201091653
1201091653
1201091653
1201091653
1201091653
1201091653
1201091653
1201091653
1201091653
1201091653
1201091653
1201091653
1201091653
1201091653
1201091653
1201091653
1201091653
1201091653
1201091653
1201091653
1201091653
1967615389
1967615389
1967615389
1967615389
1967615389
1967615389
1967615389
1967615389
1967615389
1967615389
1967615389
1967615389
1967615389
1967615389
1967615389
1967615389
1967615389
1967615389
1967615389
1967615389
1967615389
1967615389
1967615389
1967615389
1967615389
1967615389
1967615389
1967615389
1967615389
1967615389
1967615389
1967615389
1967615389
1967615389
1967615389
1967615389
1967615389
1967615389
1967615389
1967615389
1967615389
1967615389
1967615389
1967615389
1967615389
1967615389
1967615389
1967615389
1967615389
1967615389
1967615389
1967615389
1967615389
1967615389
1967615389
1967615389
1967615389
1967615389
1967615389
419820091
419820091
419820091
419820091
419820091
419820091
419820091
419820091
419820091
419820091
419820091
419820091
419820091
419820091
419820091
419820091
419820091
419820091
419820091
419820091
419820091
419820091
419820091
419820091
419820091
419820091
419820091
419820091
419820091
419820091
419820091
419820091
419820091
419820091
419820091
419820091
419820091
419820091
419820091
419820091
419820091
419820091
419820091
419820091
419820091
419820091
419820091
419820091
1190831732
1190831732
1190831732
1190831732
1190831732
1190831732
1190831732
1190831732
1190831732
1190831732
1190831732
1190831732
1190831732
1190831732
1190831732
1190831732
1190831732
1190831732
1190831732
1190831732
1190831732
1190831732
1190831732
1190831732
1190831732
1190831732
1190831732
1190831732
1190831732
1190831732
1190831732
1190831732
1190831732
1190831732
1190831732
1190831732
1190831732
1190831732
1190831732
1190831732
1190831732
1190831732
1190831732
1190831732
1190831732
1190831732
1190831732
1190831732
1190831732
1190831732
1190831732
1190831732
1190831732
1190831732
1190831732
1190831732
1190831732
1190831732
1190831732
1172954779
451504114
1206155388
1206155388
1206155388
1206155388
1880561324
1880561324
1880561324
13493458
13493458
13493458
669952963
669952963
669952963
1160505473
1160505473
206953776
206953776
206953776
206953776
34954454
34954454
34954454
950505367
950505367
950505367
950505367
950505367
1707055015
1707055015
1707055015
1088497835
1088497835
1088497835
1088497835
1088497835
604055918
604055918
604055918
294452832
294452832
294452832
294452832
294452832
294452832
294452832
294452832
2139399463
2139399463
2139399463
2139399463
761296696
761296696
455927315
455927315
455927315
155330568
155330568
155330568
1997657865
874605116
874605116
874605116
874605116
874605116
874605116
874605116
874605116
574987384
574987384
574987384
574987384
574987384
574987384
268339054
268339054
268339054
268339054
1030990934
1030990934
1030990934
1030990934
1813697579
1813697579
1496711520
1496711520
1496711520
1208586394
1208586394
1976403168
1976403168
1663101035
1663101035
1663101035
278222082
278222082
1057119070
1057119070
746912254
746912254
1522060786
1208424392
1200768351
1200768351
1200768351
1200768351
1200768351
888363343
888363343
888363343
888363343
888363343
888363343
888363343
888363343
585237093
585237093
585237093
585237093
585237093
1354202617
1354202617
1354202617
1354202617
2129342427
2129342427
2129342427
1826037708
1826037708
1826037708
449133403
449133403
449133403
134796973
134796973
134796973
913462156
913462156
1681459540
1681459540
1372934183
1372934183
1074831982
1074831982
773861882
773861882
1535619977
220560396
220560396
220560396
220560396
220560396
220560396
220560396
220560396
220560396
220560396
220560396
220560396
220560396
220560396
220560396
220560396
689072994
689072994
1426667748
1426667748
1426667748
1426667748
1426667748
1426667748
1426667748
56811926
56811926
56811926
56811926
56811926
821887593
821887593
821887593
821887593
1589724921
1589724921
1589724921
207292774
207292774
207292774
981255361
1760280660
1760280660
1458700268
1458700268
1149296238
1149296238
1149296238
1149296238
1149296238
1149296238
843717724
89498904
2112442511
2112442511
2112442511
2112442511
2112442511
2112442511
2112442511
2112442511
2112442511
2112442511
2112442511
2112442511
2112442511
2112442511
2112442511
2112442511
2112442511
2112442511
2112442511
2112442511
2112442511
745687851
745687851
745687851
745687851
745687851
745687851
745687851
1514402764
1514402764
1514402764
1514402764
1210345338
1210345338
1210345338
1210345338
1976872512
1976872512
606316953
606316953
606316953
1366694828
1366694828
2147298581
2147298581
1839349066
1839349066
460588698
460588698
460588698
161415072
2009855376
2009855376
1057241607
1057241607
1057241607
1057241607
1057241607
1057241607
1057241607
1057241607
1057241607
1057241607
1830598315
1830598315
1830598315
1830598315
1830598315
1830598315
459346907
459346907
459346907
1215498970
1215498970
1983897349
1983897349
1680516730
1680516730
308726275
308726275
3184288
3184288
768494480
468351127
1260317462
1260317462
1260317462
1260317462
1260317462
1260317462
1033467386
231439883
231439883
231439883
231439883
231439883
231439883
231439883
231439883
231439883
231439883
991584957
991584957
991584957
991584957
991584957
991584957
1765745757
1765745757
1765745757
1765745757
1468746062
1468746062
1162568250
1162568250
1923496629
1923496629
1608974842
1608974842
1314382515
1314382515
2089045748
2089045748
703778961
1396801305
1396801305
472477541
472477541
2033184493
2033184493
1476776081
1476776081
1932898686
1932898686
1273025009
